Keywords,Search Volume (Average),Search Volume (Aug 2025),Search Volume (Sep 2025),Search Volume (Oct 2025),Search Volume (Nov 2025),Search Volume (Dec 2025),Search Volume (Jan 2026),Search Volume (Feb 2026),Search Volume (Mar 2026),Search Volume (Apr 2026),Search Volume (May 2026),Search Volume (Jun 2026),Search Volume (Jul 2026),Trend,Top of Page Bid (Low Range) (USD),Top of Page Bid (High Range) (USD),Competition
жизнь на мальте,170,170,210,210,170,140,170,170,140,140,140,110,140,-18,0.03,0.13,1
кто живет на мальте,30,30,30,30,30,20,40,20,50,20,30,30,40,33,0.00,0.00,0
сколько стоит жизнь в нью джерси,,,,,,,,,,,,,,,,,
сколько стоит жизнь на мальте,,,,,,,,,,,,,,,,,
сколько людей живет в нью джерси,,,,,,,,,,,,,,,,,
сколько можно жить в шелтере,,,,,,,,,,,,,,,,,
